58
1849,852,2667,1878,342,1232,978,3129,2923,2619,1249,742,279,696,288,367,671,3568,2691,1039,750,2939,718,705,287,921,1592,2973,448,194,1863,946,2020,520,2495,2522,4353,1074,1266,1797,1216,1525,3043,2349,383,239,517,3114,543,3201,800,2093,1148,345,2931,2235,192,
1802,4002,2899,1352,547,730,4503,4041,3828,394,1200,1505,1935,1931,1293,965,4971,3716,606,1959,4148,2288,1016,1444,855,257,4128,1139,1811,229,1637,2686,1356,4065,4092,5756,2293,1932,300,2624,354,4004,3433,1423,1839,2087,4320,1475,4604,908,262,2082,1493,4501,3319,1638,
3481,1123,533,1402,1140,2804,2409,2204,1420,1470,771,1433,993,949,846,4615,1937,1210,434,2524,1145,971,567,1063,1553,2492,429,856,2037,184,1275,554,2571,3236,5167,600,527,1967,2035,1698,2267,1834,502,889,1348,2696,339,4015,969,2073,279,1014,3004,1720,722,
3718,3083,3579,3495,4962,4848,4549,3752,3024,2902,2149,2513,2808,3190,901,4316,3535,3060,4959,2551,3061,2942,3440,3825,4835,3073,2959,4505,3307,4038,3145,4328,4391,1686,3385,3590,4144,1456,3875,4701,4182,3140,2613,2388,5060,3236,544,3314,4408,4265,2590,4764,4068,2761,
1543,2725,2159,1681,1211,1006,2901,2951,1557,2286,1408,2266,1860,4619,739,2532,851,1326,1199,1974,2049,2098,2570,1447,1441,1517,3351,1460,259,1434,1446,2390,5404,1394,962,2986,2278,3033,1337,636,1435,1345,1350,1498,1339,4252,1189,3554,1210,2331,1882,522,2042,
949,687,3209,2753,2537,967,976,235,950,497,523,388,3986,2263,756,668,2857,960,502,107,754,1095,2891,102,335,1580,600,1642,170,2770,3026,4771,992,888,1514,1639,942,2697,2074,80,389,880,3162,199,3617,517,1747,802,488,3206,1960,217,
531,4108,3639,3434,176,938,1102,1444,1511,478,561,4480,3305,283,1565,3754,1839,675,1041,489,290,3724,970,1407,435,1468,2517,802,3616,3643,5265,1889,1763,413,2133,213,3590,3039,1019,1407,1634,3926,1072,4113,709,818,1678,1152,4052,2925,1230,
3841,3371,3165,474,945,846,1353,1249,652,300,4396,3049,254,1297,3486,1651,374,1079,138,476,3462,707,1127,960,1214,2393,691,3428,3512,5181,1627,1646,1096,2044,806,3328,2566,757,1145,1507,3658,810,4029,178,992,1416,856,3864,2678,968,
800,1052,4116,3998,3333,3586,2846,3487,3542,5893,1302,3906,2535,693,2423,3635,3201,3786,4249,681,3122,3104,4739,2676,1647,3199,634,1571,6678,2217,2395,4673,3544,4401,817,1273,3125,2948,2620,537,3032,5536,3665,4774,2636,3366,1070,1385,3064,
257,3744,3585,2780,3380,2651,3070,3072,5687,512,3441,2068,125,2217,3180,2734,3316,3784,184,2649,2740,4270,2209,1141,2721,1146,2083,6472,1750,1889,4204,3338,3935,135,953,2658,2568,2414,297,2559,5330,3200,4306,2130,3065,1582,839,2597,
3547,3380,2575,3173,2305,2865,2866,5480,307,3236,1863,372,2010,2975,2529,3110,3579,343,2444,2535,4065,2004,936,2527,1172,2109,6265,1545,1684,3999,3131,3730,211,770,2453,2406,2211,549,2354,5123,2995,4099,1925,2860,1608,656,2392,
1216,1119,1609,1421,968,578,4648,3334,224,1577,3848,1906,692,1153,347,137,3741,982,1424,629,1480,2693,1059,3683,3710,5423,1901,1939,771,2300,479,3607,2845,1036,1424,1705,4020,1079,4291,652,665,1695,1169,4119,3047,1301,
578,887,1174,520,638,3925,3399,788,1511,3846,1588,524,842,888,943,3734,1046,1484,1438,1771,2627,1118,3365,3392,4720,1835,1989,1185,1578,1288,3600,2905,1096,1076,1383,3872,1143,3558,767,1471,1755,607,3801,2871,892,
760,546,287,5410,3803,2713,909,706,2895,922,439,158,791,1248,2991,337,314,1740,835,1990,407,2699,2730,4588,1030,2699,1882,1451,1395,2915,2182,217,451,721,3067,334,3436,670,1776,1050,287,3135,2066,276,
964,673,1041,3045,2906,1398,1442,3583,1175,926,941,1298,1686,3459,1009,772,2070,1488,2624,1081,2952,2973,3830,2553,1972,2009,693,1740,3322,2585,1004,1063,974,3684,1101,2688,1177,2266,2128,455,3388,2692,894,
728,950,3414,2166,1311,557,2746,436,1064,419,1191,1672,2655,590,234,2134,817,1811,662,2213,2364,4199,881,1057,2076,1062,1798,2623,2031,508,112,359,2918,692,3047,1078,2179,1248,589,2649,1917,282,
390,3709,2878,758,996,3185,1112,274,354,640,1036,3219,525,599,837,1023,2058,577,2889,2884,4494,1546,1304,1635,1362,708,3120,2470,455,631,875,3036,623,3342,519,1564,1225,366,3325,2356,447,
4091,2601,368,1003,3187,1352,114,480,250,711,3163,408,846,1192,915,2094,392,3129,3207,4876,1328,1347,1126,1734,854,3029,2267,458,846,1202,3359,511,3724,129,1236,1117,591,3565,2379,669,
5217,4436,3961,5890,3482,3962,3843,4341,4791,5766,3969,3860,5106,4208,4929,4117,5259,5298,785,4286,4708,5045,2357,4776,5632,5113,4041,3514,3289,5991,4137,1445,4215,5304,5166,3491,5695,4999,3662,
3124,1600,627,1743,2878,2251,2845,3467,594,2358,2635,3936,1737,669,2430,1425,2437,6002,1278,1417,3870,2870,3601,464,330,2182,2266,1946,799,2087,4850,2878,3987,1658,2963,1861,367,2515,
1367,3551,1716,482,848,189,359,3531,777,1214,851,1275,2324,702,3493,3500,5221,2243,1570,1494,2089,701,3397,2841,826,1214,1495,4225,879,4069,432,887,1485,959,3929,2727,1037,
2183,716,1106,660,1247,1710,2223,586,666,2196,260,1116,658,2493,2824,4746,324,524,2130,1609,1861,2089,1260,584,494,908,2355,563,3594,1126,2230,694,991,2929,1354,523,
2420,3295,2849,3431,3899,130,2764,2855,4385,2324,1256,2836,1233,2170,6675,1865,2004,4319,3304,4050,200,1068,2773,2683,2617,190,2644,5533,3310,4589,2245,3180,1669,954,2712,
1289,1000,1653,2039,2296,1015,693,2466,965,1461,1087,1789,2120,4267,1030,1238,2400,1133,2131,2162,1422,923,537,209,2521,1083,3125,1538,2559,1282,955,2225,1529,715,
594,364,759,3277,524,1060,1306,1022,2057,506,3066,3093,4747,1542,1303,1240,1615,968,3134,2580,572,960,1109,3467,625,3595,243,1350,1231,705,3502,2466,635,
730,1187,2883,171,359,1672,669,1841,243,2777,2934,4628,984,1087,1606,1491,1335,2766,2134,75,315,774,3021,268,3476,609,1716,871,329,3213,2020,148,
598,3545,652,1096,1090,1165,2336,722,3430,3457,5126,1671,1582,1232,1989,940,3451,2736,708,1096,1452,3603,761,3974,124,1126,1342,841,3866,2620,919,
3870,1115,1557,492,1627,2806,1099,3816,3843,5511,2040,1908,634,2379,342,3736,3184,1165,1560,1838,4171,1218,4359,639,528,1824,1236,4252,3070,1381,
2913,2889,4362,2449,1377,2985,1103,2040,6553,1934,1972,4504,3417,4017,147,924,2869,2717,2493,228,2831,4875,3402,4399,2366,3214,1544,925,2746,
435,1596,498,1542,72,2791,2936,4759,1021,8700,1535,1622,1258,2595,2068,98,486,919,2936,97,3607,536,1645,700,590,3227,1954,319,
1733,926,1950,508,2470,2636,4645,990,1196,2072,1193,1710,2875,2142,287,137,490,3027,532,3538,975,2185,1135,394,2906,2026,98,
2094,3143,1668,4243,4274,5891,2510,2389,254,2759,273,4221,3670,1650,2038,2265,4557,1693,4739,1138,607,2309,1783,4679,3556,1783,
1252,570,2742,3503,4993,554,498,2033,1861,1756,2339,1638,844,754,1174,2496,523,3841,1044,2151,257,1088,3178,1524,783,
1610,1422,2368,5724,801,754,3082,2582,2805,1267,564,1702,1748,1612,1428,1612,4572,2083,3346,1002,2123,1869,452,1849,
2864,3008,4902,1093,856,1489,1770,1340,2667,2388,170,558,991,3008,86,3750,528,1717,772,602,3299,2274,391,
947,6044,1994,2105,4181,2910,3908,1011,1284,2700,2314,1986,1171,2859,4902,3315,4036,2413,2732,446,1170,2492,
6083,2922,3116,4208,2941,3939,1958,1991,2844,2464,2013,2108,3006,4925,3336,4363,3937,2763,806,2107,2543,
5071,5271,5830,3142,5561,6417,5676,4826,4299,4074,6776,4922,2230,5000,6089,5951,4276,6480,5784,4447,
432,2454,1939,2182,1876,1175,908,818,1238,2037,887,3919,1450,2654,456,1315,2425,1061,847,
2328,2139,2051,1834,1340,948,994,1438,2176,858,4124,1329,2592,248,1369,2417,1226,1095,
2698,312,4155,3604,1584,1972,2199,4491,1637,4678,1274,760,2243,1717,4617,3490,1795,
2429,3283,2543,1694,1162,932,3642,1790,1990,1868,2957,2819,1144,3346,2650,1310,
3883,3335,1312,1700,1930,4222,1355,4409,984,562,1971,1445,4344,3221,1423,
931,2793,2563,2359,366,2606,5274,3158,4265,2265,3185,1451,815,2914,
1844,1968,1619,1240,1984,4756,2600,3706,1557,2465,1715,114,1997,
411,827,2945,169,3674,587,1694,781,560,3136,1944,227,
459,2855,588,3147,975,2082,1188,498,2750,1854,184,
2718,983,2922,1332,2358,1608,754,2422,1726,607,
2846,5634,3487,4591,2417,3352,1607,1126,2884,
3770,640,1742,618,688,3295,1870,416,
3848,4947,4799,3124,5338,4642,3294,
1177,1246,720,3751,2486,798,
2353,1827,4772,3590,1905,
1290,2844,1441,1019,
3168,2351,432,
1601,2928,
1883,